Data <- structure(list(Date = structure(c(1617235200, 1617321600, 1617408000, 
                                          1617494400, 1617580800, 1617667200, 1617753600, 1617840000, 1617926400, 
                                          1618012800, 1618099200, 1618185600, 1618272000, 1618358400, 1618444800, 
                                          1618531200, 1618617600, 1618704000, 1618790400, 1618876800, 1618963200, 
                                          1619049600, 1619136000, 1619222400, 1619308800, 1619395200, 1619481600, 
                                          1619568000, 1619654400, 1619740800, 1619827200, 1619913600, 1.62e+09, 
                                          1620086400, 1620172800, 1620259200, 1620345600, 1620432000, 1620518400, 
                                          1620604800, 1620691200, 1620777600, 1620864000, 1620950400, 1621036800, 
                                          1621123200, 1621209600, 1621296000, 1621382400, 1621468800, 1621555200, 
                                          1621641600, 1621728000, 1621814400, 1621900800, 1621987200, 1622073600, 
                                          1622160000, 1622246400, 1622332800, 1622419200, 1622505600, 1622592000, 
                                          1622678400, 1622764800, 1622851200, 1622937600, 1623024000, 1623110400, 
                                          1623196800, 1623283200, 1623369600, 1623456000, 1623542400, 1623628800, 
                                          1623715200, 1623801600, 1623888000, 1623974400, 1624060800, 1624147200, 
                                          1624233600, 1624320000, 1624406400, 1624492800, 1624579200, 1624665600, 
                                          1624752000, 1624838400, 1624924800, 1625011200, 1625097600, 1625184000, 
                                          1625270400, 1625356800, 1625443200, 1625529600, 1625616000, 1625702400, 
                                          1625788800, 1625875200, 1625961600, 1626048000, 1626134400, 1626220800, 
                                          1626307200, 1626393600, 1626480000, 1626566400, 1626652800, 1626739200, 
                                          1626825600, 1626912000, 1626998400, 1627084800, 1627171200, 1627257600, 
                                          1627344000, 1627430400, 1627516800, 1627603200, 1627689600, 1627776000, 
                                          1627862400, 1627948800, 1628035200, 1628121600, 1628208000, 1628294400, 
                                          1628380800, 1628467200, 1628553600, 1628640000, 1628726400, 1628812800, 
                                          1628899200, 1628985600, 1629072000, 1629158400, 1629244800, 1629331200, 
                                          1629417600, 1629504000, 1629590400, 1629676800, 1629763200, 1629849600, 
                                          1629936000, 1630022400, 1630108800, 1630195200, 1630281600, 1630368000, 
                                          1630454400, 1630540800, 1630627200, 1630713600, 1630800000, 1630886400, 
                                          1630972800, 1631059200, 1631145600, 1631232000, 1631318400, 1631404800, 
                                          1631491200, 1631577600, 1631664000, 1631750400, 1631836800, 1631923200, 
                                          1632009600, 1632096000, 1632182400, 1632268800, 1632355200, 1632441600, 
                                          1632528000, 1632614400, 1632700800, 1632787200, 1632873600, 1632960000, 
                                          1633046400, 1633132800, 1633219200, 1633305600, 1633392000, 1633478400, 
                                          1633564800, 1633651200, 1633737600, 1633824000, 1633910400, 1633996800, 
                                          1634083200, 1634169600, 1634256000, 1634342400, 1634428800, 1634515200, 
                                          1634601600, 1634688000, 1634774400, 1634860800, 1634947200, 1635033600, 
                                          1635120000, 1635206400, 1635292800, 1635379200, 1635465600, 1635552000, 
                                          1635638400, 1635724800, 1635811200, 1635897600, 1635984000, 1636070400, 
                                          1636156800, 1636243200, 1636329600, 1636416000, 1636502400, 1636588800, 
                                          1636675200, 1636761600, 1636848000, 1636934400, 1637020800, 1637107200, 
                                          1637193600, 1637280000, 1637366400, 1637452800, 1637539200, 1637625600, 
                                          1637712000, 1637798400, 1637884800, 1637971200, 1638057600, 1638144000, 
                                          1638230400, 1638316800, 1638403200, 1638489600, 1638576000, 1638662400, 
                                          1638748800, 1638835200, 1638921600, 1639008000, 1639094400, 1639180800, 
                                          1639267200, 1639353600, 1639440000, 1639526400, 1639612800, 1639699200, 
                                          1639785600, 1639872000, 1639958400, 1640044800, 1640131200, 1640217600, 
                                          1640304000, 1640390400, 1640476800, 1640563200, 1640649600, 1640736000, 
                                          1640822400, 1640908800, 1640995200, 1641081600, 1641168000, 1641254400, 
                                          1641340800, 1641427200, 1641513600, 1641600000, 1641686400, 1641772800, 
                                          1641859200, 1641945600, 1642032000, 1642118400, 1642204800, 1642291200, 
                                          1642377600, 1642464000, 1642550400, 1642636800, 1642723200, 1642809600, 
                                          1642896000, 1642982400, 1643068800, 1643155200, 1643241600, 1643328000, 
                                          1643414400, 1643500800, 1643587200, 1643673600, 1643760000, 1643846400, 
                                          1643932800, 1644019200, 1644105600, 1644192000, 1644278400, 1644364800, 
                                          1644451200, 1644537600, 1644624000, 1644710400, 1644796800, 1644883200, 
                                          1644969600, 1645056000, 1645142400, 1645228800, 1645315200, 1645401600, 
                                          1645488000, 1645574400, 1645660800, 1645747200, 1645833600, 1645920000, 
                                          1646006400, 1646092800, 1646179200, 1646265600, 1646352000, 1646438400, 
                                          1646524800, 1646611200, 1646697600, 1646784000, 1646870400, 1646956800, 
                                          1647043200, 1647129600, 1647216000, 1647302400, 1647388800, 1647475200, 
                                          1647561600, 1647648000, 1647734400, 1647820800, 1647907200, 1647993600, 
                                          1648080000, 1648166400, 1648252800, 1648339200, 1648425600, 1648512000, 
                                          1648598400, 1648684800, 1648771200, 1648857600, 1648944000, 1649030400, 
                                          1649116800, 1649203200, 1649289600, 1649376000, 1649462400, 1649548800, 
                                          1649635200, 1649721600, 1649808000, 1649894400, 1649980800, 1650067200, 
                                          1650153600, 1650240000, 1650326400, 1650412800, 1650499200, 1650585600, 
                                          1650672000, 1650758400, 1650844800, 1650931200, 1651017600, 1651104000, 
                                          1651190400, 1651276800, 1651363200, 1651449600, 1651536000, 1651622400, 
                                          1651708800, 1651795200, 1651881600, 1651968000, 1652054400, 1652140800, 
                                          1652227200, 1652313600, 1652400000, 1652486400, 1652572800, 1652659200, 
                                          1652745600, 1652832000, 1652918400, 1653004800),