data <- structure(list(
  Date = structure(c(289094400, 297043200, 304992000, 312854400, 320716800, 328665600,
                     336614400, 344476800, 352252800, 360201600, 368150400, 376012800,
                     383788800, 391737600, 399686400, 407548800, 415324800, 423273600, 
                     431222400, 439084800, 446947200, 454896000, 462844800, 470707200,
                     478483200, 486432000, 494380800, 502243200, 510019200, 517968000,
                     525916800, 533779200, 541555200, 549504000, 557452800, 565315200,
                     573177600, 581126400, 589075200, 596937600, 604713600, 612662400,
                     620611200, 628473600, 636249600, 644198400, 652147200, 660009600,
                     667785600, 675734400, 683683200, 
                                  691545600, 699408000, 707356800, 715305600, 723168000, 730944000, 
                                  738892800, 746841600, 754704000, 762480000, 770428800, 778377600, 
                                  786240000, 794016000, 801964800, 809913600, 817776000, 825638400, 
                                  833587200, 841536000, 849398400, 857174400, 865123200, 873072000, 
                                  880934400, 888710400, 896659200, 904608000, 912470400, 920246400, 
                                  928195200, 936144000, 944006400, 951868800, 959817600, 967766400, 
                                  975628800, 983404800, 991353600, 999302400, 1007164800, 1014940800, 
                                  1022889600, 1030838400, 1038700800, 1046476800, 1054425600, 1062374400, 
                                  1070236800, 1078099200, 1086048000, 1093996800, 1101859200, 1109635200, 
                                  1117584000, 1125532800, 1133395200, 1141171200, 1149120000, 1157068800, 
                                  1164931200, 1172707200, 1180656000, 1188604800, 1196467200, 1204329600, 
                                  1212278400, 1220227200, 1228089600, 1235865600, 1243814400, 1251763200, 
                                  1259625600, 1267401600, 1275350400, 1283299200, 1291161600, 1298937600, 
                                  1306886400, 1314835200, 1322697600, 1330560000, 1338508800, 1346457600, 
                                  1354320000, 1362096000, 1370044800, 1377993600, 1385856000, 1393632000, 
                                  1401580800, 1409529600, 1417392000, 1425168000, 1433116800, 1441065600, 
                                  1448928000, 1456790400, 1464739200, 1472688000, 1480550400, 1488326400, 
                                  1496275200, 1504224000, 1512086400, 1519862400, 1527811200, 1535760000, 
                                  1543622400, 1551398400, 1559347200, 1567296000, 1575158400, 1583020800, 
                                  1590969600, 1598918400, 1606780800, 1614556800, 1622505600, 1630454400, 
                                  1638316800), class = c("POSIXct", "POSIXt"), tzone = "UTC"), 
               Industrialproduction = c(8.2, 8.79, 0.94, 1.53, -3.18, -8.66, 
                                        -8.96, -11.93, -8.14, -4.5, 1.53, 2.06, 2.39, 2.02, 2.01, 
                                        1.68, 2.16, 2.15, 3.77, 5.95, 3.58, 0.81, -1.58, -1.72, 3.62, 
                                        9.78, 8.51, 3.49, 1.97, -1.02, 1.92, 6.13, 3.87, 3.54, 2.76, 
                                        4.19, 4.73, 4.84, 6.64, 3.88, 2.05, 1.36, 0.53, 1.47, 1.61, 
                                        3.22, -1.45, -2.76, -3.83, -5.06, -4.01, -1.76, -0.27, -0.82, 
                                        2.23, 0.69, 1.38, 2.07, 2.32, 4.1, 4.61, 5.68, 6.13, 5.91, 
                                        2.85, 1.66, 1, 0.37, 2.52, 1.26, 1.24, 1.48, 0.37, 2.24, 
                                        2.7, 4.38, 7.6, 3.89, 0.84, -0.82, -0.46, 5.61, 9.48, 5.06, 
                                        1.95, 2.1, 1.08, 6.27, 1.46, 2.28, 3.21, 3.37, 12.94, -1.06, 
                                        -2.07, -6.22, -5.19, 6.65, 6.78, 4.35, -2.69, -1.31, -2.08, 
                                        3.44, -3.08, -0.92, -1.62, -0.91, 8.32, 2.57, 4.33, 2.44, 
                                        1.52, -1.3, -4.94, -3.97, -3.59, -1.83, 1.77, -1.86, -4.86, 
                                        -5.07, -7.55, -5.37, -0.33, -1.2, -0.11, -1.11, -8.39, -5.4, 
                                        -5.52, -4.16, 0.12, -0.7, -0.58, -0.59, 0.48, 3.87, 5.29, 
                                        7.91, 7.21, -0.45, -2.23, -1.86, 4.19, 5.9, 5.94, 2.45, 0, 
                                        -0.75, -1.08, 1.63, -3.28, -0.22, 3.49, 1.07, 1.53, 5.3, 
                                        4.21, 6.14, 10.24, 2.26, 0.71, -1.3, -8.9, -12.36, -5.02, 
                                        -2.83, 3.76, 9.86, 1.9, 0.94),